AMO Normalized to period: 1856-2023 - inclusive
          Jan      Feb      Mar      Apr      May      Jun      Jul      Aug      Sep      Oct      Nov      Dec
1856   0.0284  -0.0430   0.0178  -0.0691  -0.0363  -0.0298  -0.0260  -0.0499   0.0151  -0.1102  -0.0607   0.0205
1857   0.0264  -0.2510  -0.2772  -0.2011  -0.2603  -0.1438  -0.1220  -0.2569  -0.2379  -0.3662  -0.3607  -0.4885
1858  -0.4056  -0.5030  -0.2702   0.0059  -0.1363  -0.2808  -0.4120  -0.3229  -0.1839  -0.0812   0.0843  -0.0805
1859  -0.3156  -0.3070  -0.1372  -0.0541  -0.1363  -0.3398  -0.4300  -0.1869  -0.1719  -0.0992  -0.1287  -0.1185
1860  -0.0646  -0.2970  -0.1342  -0.2701  -0.0513   0.0672  -0.0170  -0.2079  -0.2539  -0.1152  -0.1927  -0.0565
1861  -0.1766  -0.2910  -0.1992   0.0489  -0.0233   0.0582   0.1700   0.0571   0.0131  -0.0082   0.0333  -0.0805
1862  -0.2026  -0.3430  -0.2632  -0.3221  -0.3973  -0.2758  -0.5350  -0.5099  -0.5009  -0.4852  -0.5327  -0.5515
1863  -0.3196  -0.2210  -0.1602  -0.1441  -0.1903  -0.2708  -0.5330  -0.5399  -0.3999  -0.4512  -0.3567  -0.3075
1864  -0.3756  -0.5300  -0.3662  -0.2271  -0.1383  -0.1118   0.0240   0.1101  -0.0449  -0.0892   0.0113  -0.0005
1865   0.0204   0.0760  -0.0212  -0.1311  -0.1823  -0.0278  -0.1160  -0.1969   0.0441   0.0358   0.0393   0.0265
1866  -0.1196   0.0030   0.0278  -0.0601  -0.0363   0.1242   0.0440   0.0211  -0.0919  -0.0742   0.0913   0.0875
1867   0.1434   0.1110   0.2028   0.1069  -0.0513  -0.1358  -0.1270  -0.1649  -0.2349  -0.2402  -0.0607  -0.2385
1868  -0.1036  -0.0390   0.0218   0.0749  -0.0183   0.1052   0.1740  -0.0289  -0.0879  -0.3232  -0.2267  -0.0605
1869  -0.2756  -0.0750  -0.1002   0.0609   0.0797  -0.0038   0.0520  -0.0949  -0.1369  -0.2132  -0.2117  -0.2675
1870  -0.3186  -0.1550  -0.2172  -0.3491  -0.2293  -0.2278  -0.2660  -0.1269  -0.0789  -0.0472   0.0083  -0.0695
1871  -0.2936  -0.2800  -0.0422   0.0009  -0.0553  -0.0818  -0.0510  -0.1669  -0.3139  -0.3492  -0.1667  -0.0895
1872  -0.2246  -0.2130  -0.2552  -0.2491  -0.0193   0.0062   0.0630   0.1621   0.1921  -0.1522  -0.1937  -0.2245
1873  -0.0986  -0.1520  -0.1262  -0.1281  -0.2423  -0.2478  -0.1340  -0.1749  -0.0759  -0.1152  -0.0967  -0.0305
1874  -0.0986  -0.2670  -0.2832  -0.2611  -0.1753  -0.0438  -0.1160  -0.2309  -0.0389  -0.2342  -0.2127  -0.4575
1875  -0.3136  -0.0850  -0.1262  -0.1501  -0.0233  -0.0338  -0.2100  -0.1239  -0.0779  -0.1202  -0.2107  -0.2415
1876  -0.3496  -0.2240  -0.2502  -0.2361  -0.2563  -0.2058  -0.0950  -0.0369  -0.0649  -0.2432  -0.2307  -0.1795
1877  -0.1346   0.0120   0.0848  -0.0161   0.0747   0.1282   0.0940   0.1561   0.0541   0.0478   0.1563   0.1615
1878   0.1044   0.1930   0.1928   0.4859   0.3477   0.4342   0.2170   0.3831   0.3421   0.1378   0.2303   0.3155
1879   0.1894   0.2400  -0.1292  -0.1181   0.0707  -0.0138  -0.1160  -0.1859  -0.2259  -0.1172  -0.0707  -0.0335
1880  -0.0546  -0.1320  -0.0572  -0.1901  -0.3113  -0.1988  -0.0800  -0.0959   0.0541   0.0538   0.0113  -0.2335
1881   0.0404  -0.0090   0.0468   0.0719  -0.0543  -0.0638  -0.1860  -0.1499  -0.2199  -0.2422  -0.4387  -0.2405
1882  -0.2556  -0.2270  -0.1722  -0.2741  -0.2953  -0.1808  -0.1300  -0.1219  -0.1519  -0.1842  -0.1147  -0.1255
1883  -0.1686  -0.2890  -0.2882  -0.1141  -0.1273  -0.2058  -0.2310  -0.1689  -0.2799  -0.2772  -0.1317  -0.0035
1884  -0.0836  -0.2630  -0.2402  -0.1991  -0.2043  -0.0348  -0.2120  -0.1909  -0.3349  -0.3032  -0.4597  -0.2465
1885  -0.1776  -0.0700  -0.1592  -0.3811  -0.3163  -0.2978  -0.2010  -0.0629  -0.1439  -0.1212  -0.1027  -0.0935
1886   0.0254   0.0170   0.0628   0.0799   0.0877   0.0422   0.0740  -0.1089  -0.1729  -0.1682  -0.1237  -0.1435
1887  -0.2006  -0.1930  -0.1402  -0.1881  -0.0973   0.0622   0.1710   0.0361  -0.0129   0.0958   0.0793   0.0675
1888   0.1404   0.0740   0.1478   0.0099  -0.0033   0.1042   0.0290  -0.0129  -0.0119   0.1188   0.0313  -0.0305
1889   0.1474   0.1510   0.2148   0.1889   0.1707   0.0672  -0.0930  -0.0739  -0.0679  -0.0442   0.0693  -0.0695
1890  -0.0686  -0.0890  -0.1532  -0.2751  -0.2863  -0.2578  -0.4210  -0.4669  -0.4279  -0.2262  -0.3757  -0.3655
1891  -0.3726  -0.1860  -0.0362  -0.0071   0.0417   0.0122   0.0800  -0.0629  -0.1569  -0.1152  -0.3387  -0.0955
1892  -0.0306   0.0250  -0.0122  -0.1101  -0.2623  -0.2958  -0.4110  -0.2659  -0.3759  -0.3192  -0.3747  -0.2885
1893  -0.1926  -0.1490  -0.1482  -0.2661  -0.2663  -0.0208   0.0220   0.0051  -0.1079  -0.1942  -0.0717  -0.2645
1894  -0.2356  -0.2580  -0.2882  -0.3911  -0.4853  -0.4668  -0.3800  -0.3919  -0.3819  -0.4672  -0.4047  -0.3325
1895  -0.1996  -0.1720  -0.3622  -0.3961  -0.3313  -0.2468  -0.2230  -0.2459  -0.0789  -0.0562  -0.1977  -0.1515
1896  -0.1476  -0.0530  -0.1362  -0.0551   0.1347   0.0512  -0.0470  -0.0689   0.1621   0.0318  -0.0427  -0.0455
1897  -0.0016   0.0470   0.2078   0.1449   0.0407  -0.0388  -0.0510  -0.1309  -0.1039  -0.0502  -0.1007  -0.1125
1898  -0.0946  -0.0260   0.0138  -0.0391  -0.0293   0.0742   0.0710  -0.0069  -0.0429  -0.1512  -0.2137  -0.0975
1899  -0.1416  -0.1320  -0.0992  -0.0121   0.0857   0.0552  -0.0310   0.1261  -0.0159  -0.0292   0.1183   0.2045
1900   0.1354   0.1260  -0.0262   0.0709  -0.1153  -0.1278  -0.0460  -0.1399  -0.0919  -0.0002  -0.0327   0.0465
1901  -0.0206   0.1130   0.0748   0.0609  -0.0283   0.0932   0.0490   0.0451  -0.1359  -0.2212  -0.1537  -0.1525
1902  -0.1836  -0.1040  -0.1052  -0.2371  -0.1983  -0.3748  -0.4240  -0.3059  -0.1369  -0.0952  -0.1887  -0.1715
1903  -0.1066  -0.0160  -0.1382  -0.1551  -0.2493  -0.2968  -0.2950  -0.5769  -0.5909  -0.4762  -0.3097  -0.3765
1904  -0.4146  -0.4410  -0.4572  -0.5071  -0.5013  -0.5488  -0.4670  -0.4789  -0.6109  -0.4782  -0.2677  -0.2365
1905  -0.2866  -0.2480  -0.4352  -0.2551  -0.1653  -0.2898  -0.1820  -0.2719  -0.4869  -0.3582  -0.3357  -0.3255
1906  -0.1316  -0.0960  -0.1272  -0.1251  -0.2603  -0.1078  -0.1330  -0.1919  -0.2489  -0.2452  -0.0827  -0.3035
1907  -0.2426  -0.4110  -0.3272  -0.2401  -0.2473  -0.3678  -0.4050  -0.4399  -0.3049  -0.3222  -0.2907  -0.2665
1908  -0.2866  -0.2920  -0.3112  -0.2851  -0.2593  -0.1758  -0.0980  -0.1149  -0.2129  -0.2212  -0.2157  -0.1955
1909  -0.1576  -0.2000  -0.1692  -0.2231  -0.1003  -0.2378  -0.2870  -0.2039  -0.2369  -0.2492  -0.3497  -0.3055
1910  -0.3576  -0.3060  -0.3262  -0.3821  -0.4323  -0.4678  -0.4060  -0.3779  -0.2259  -0.2862  -0.1337  -0.3115
1911  -0.3006  -0.3050  -0.3712  -0.3891  -0.4323  -0.3438  -0.2830  -0.1809  -0.2359  -0.2062  -0.2837  -0.2395
1912  -0.2826  -0.3100  -0.2792  -0.2351  -0.2013  -0.2528  -0.3690  -0.5079  -0.3599  -0.3412  -0.2737  -0.2995
1913  -0.3506  -0.2600  -0.2832  -0.5051  -0.5323  -0.6658  -0.5490  -0.5459  -0.5409  -0.4702  -0.5047  -0.3885
1914  -0.2646  -0.3640  -0.4622  -0.4461  -0.3443  -0.4748  -0.5390  -0.4789  -0.2989  -0.1992  -0.2307  -0.2875
1915  -0.1676  -0.1600  -0.0572  -0.0081   0.1827   0.1992   0.2120   0.1061   0.0891  -0.0542  -0.0507  -0.0455
1916  -0.0756  -0.1390  -0.1442  -0.1761  -0.0573  -0.0638  -0.1770  -0.1199  -0.1089  -0.1552  -0.2817  -0.2625
1917  -0.3266  -0.3870  -0.4502  -0.3601  -0.3273  -0.2408  -0.3090  -0.2919  -0.3839  -0.4192  -0.3577  -0.3105
1918  -0.1316  -0.2100  -0.1632  -0.2301  -0.3093  -0.5058  -0.4630  -0.4879  -0.4639  -0.3332  -0.3347  -0.2725
1919  -0.2536  -0.0910  -0.2352  -0.1041  -0.2323  -0.3058  -0.3770  -0.2859  -0.2889  -0.2152  -0.2597  -0.3365
1920  -0.4856  -0.4320  -0.4912  -0.3801  -0.3173  -0.3618  -0.3660  -0.3949  -0.3699  -0.3362  -0.4567  -0.3455
1921  -0.3116  -0.3000  -0.3542  -0.3071  -0.3123  -0.3258  -0.1960  -0.3349  -0.3159  -0.1212  -0.2887  -0.1605
1922  -0.2236  -0.2650  -0.3742  -0.4501  -0.3773  -0.4058  -0.4610  -0.3949  -0.4559  -0.3502  -0.3747  -0.3615
1923  -0.3796  -0.4810  -0.4352  -0.4661  -0.3373  -0.3858  -0.4040  -0.5089  -0.4539  -0.3252  -0.2367  -0.0955
1924  -0.1446  -0.2170  -0.1322  -0.0911  -0.0083  -0.1668  -0.2060  -0.2179  -0.2869  -0.2942  -0.3347  -0.3185
1925  -0.3366  -0.3260  -0.2642  -0.2111  -0.1293  -0.2568  -0.2220  -0.2099  -0.1999  -0.1422  -0.1887   0.0175
1926   0.0254   0.0940   0.0238   0.0789   0.0767   0.0032   0.0660  -0.0239  -0.0359   0.1238   0.0123   0.0625
1927   0.0744   0.0660   0.0188   0.0409   0.1447   0.0912   0.0830   0.0841   0.0291   0.1218   0.1253  -0.0485
1928  -0.0496  -0.1020  -0.1122  -0.1231  -0.0273   0.0072   0.0160   0.0311   0.0151  -0.0062  -0.0597  -0.1115
1929  -0.0886  -0.1050  -0.1052  -0.0371  -0.1513  -0.2488  -0.2460  -0.2219  -0.1339  -0.0992  -0.1197  -0.2045
1930  -0.1206  -0.1770  -0.1072  -0.2291  -0.1493  -0.1338  -0.0040   0.0041   0.2211   0.1598   0.1503   0.1275
1931   0.1194   0.0670   0.1378   0.1349   0.1897   0.2172   0.1330   0.0891   0.2001   0.2798   0.0583   0.1585
1932   0.1844   0.2340   0.2408   0.1989   0.1217   0.1962   0.2130   0.3281   0.2751   0.2018   0.1403   0.0855
1933   0.0994   0.1630   0.0868   0.2009   0.2617   0.1982   0.2240   0.2251   0.1851   0.2968   0.0853  -0.0055
1934  -0.0976  -0.1800  -0.2122  -0.1011  -0.1393  -0.0088   0.1180   0.0261   0.0871   0.1398   0.0253  -0.0095
1935   0.0584  -0.1230  -0.1482   0.0499   0.1167   0.0692   0.0130  -0.0459  -0.0899  -0.0462   0.0313   0.0985
1936   0.1564   0.1600   0.1978   0.1939   0.1457   0.1552   0.1470   0.1651   0.1231   0.0778   0.0333   0.0485
1937   0.0764   0.1030   0.1048   0.0699   0.1117   0.4152   0.5660   0.5451   0.4591   0.2738   0.2723   0.3565
1938   0.2354   0.1710   0.2088   0.2399   0.1867   0.1362   0.1620   0.2551   0.2641   0.3338   0.3373   0.2245
1939   0.1614   0.1010  -0.0202   0.1009   0.0917   0.1482   0.2860   0.2821   0.2571  -0.0072  -0.1307  -0.0705
1940   0.0914  -0.1680  -0.1292  -0.0241  -0.0093  -0.0128   0.0600   0.0681  -0.0149  -0.0642  -0.1077  -0.1265
1941  -0.0296   0.1230   0.1488   0.0759   0.0297  -0.0428   0.0550   0.2441   0.2681   0.4038   0.4203   0.3415
1942   0.1704   0.2300   0.2128   0.2189   0.2037   0.2392   0.0700   0.1141   0.1901   0.1938   0.2273   0.1095
1943   0.1684   0.1310  -0.0792  -0.1181  -0.1253  -0.0928  -0.0110  -0.0119   0.0461   0.0738   0.1773   0.2485
1944   0.3424   0.3550   0.4498   0.3359   0.2937   0.3332   0.3370   0.4191   0.3911   0.3638   0.3093   0.2975
1945   0.3044   0.3900   0.3948   0.4359   0.3147   0.1632   0.0630   0.0851   0.0611   0.1038   0.2253   0.1655
1946   0.3254   0.2350   0.1648   0.0889   0.0977  -0.1078  -0.2220  -0.1829  -0.0379  -0.0112  -0.0217  -0.0045
1947  -0.1226  -0.0800  -0.0542  -0.0661  -0.1433  -0.1568  -0.1710  -0.1149  -0.0679  -0.0822   0.0933   0.0675
1948   0.0394   0.0230   0.0678  -0.0361   0.0097   0.0532  -0.0510  -0.0349  -0.0669   0.0178   0.1843   0.0985
1949   0.2104   0.2130   0.0808   0.1349  -0.0063   0.0022   0.0630   0.0921   0.0581   0.1168   0.1603   0.1575
1950   0.1714   0.0230  -0.0602  -0.0911  -0.0383  -0.0378  -0.0610   0.0131   0.0011  -0.0742   0.1353   0.1305
1951   0.1664   0.0570   0.0608   0.2109   0.1957   0.2962   0.4190   0.2991   0.2441   0.2778   0.2323   0.2195
1952   0.2374   0.2440   0.2818   0.2359   0.2057   0.3922   0.3720   0.4021   0.3591   0.3758   0.3113   0.3885
1953   0.3344   0.2490   0.1948   0.3609   0.3707   0.2882   0.3460   0.2601   0.2791   0.1718   0.3073   0.3085
1954   0.2984   0.1630   0.1568   0.0369   0.1007   0.1142  -0.0400  -0.0099  -0.0089  -0.0052   0.0393   0.0015
1955   0.1504   0.1100   0.1008   0.1489   0.2097   0.2112   0.2760   0.1811   0.2081   0.3088   0.4553   0.3125
1956   0.2634   0.1670   0.0758   0.1189  -0.0213  -0.2438  -0.0800  -0.0889  -0.0809  -0.0102  -0.0147   0.0775
1957  -0.0016  -0.0310   0.0448  -0.0151  -0.0823   0.0112   0.0530   0.2141   0.2311   0.1848   0.1583   0.1405
1958   0.1304   0.2670   0.4108   0.4069   0.2427   0.2472   0.1800   0.1761   0.2251   0.1898   0.2623   0.2835
1959   0.1844   0.1950   0.0428   0.0599   0.0517  -0.0308  -0.0130   0.0291   0.1411   0.1528   0.1303   0.1765
1960   0.2634   0.3000   0.1608   0.1629   0.3497   0.3502   0.2920   0.3551   0.2291   0.3388   0.3323   0.2065
1961   0.1504   0.1670   0.2238   0.2959   0.2427   0.0662   0.0050   0.0581   0.0241   0.0748   0.1513   0.2845
1962   0.2414   0.2400   0.2428   0.1589   0.0747  -0.0348   0.0180  -0.0379   0.0281   0.1138   0.1333   0.2645
1963   0.2524   0.2570   0.2138   0.1779  -0.0303  -0.0078  -0.0070  -0.0459  -0.1759  -0.0212   0.0323   0.0165
1964   0.0224   0.1150   0.1218  -0.0691   0.0977   0.0452  -0.1120  -0.2039  -0.1909  -0.2182  -0.0737  -0.0415
1965  -0.0976  -0.0810   0.0078  -0.0171  -0.0383  -0.0828  -0.1540  -0.1769  -0.1909  -0.1922  -0.1807  -0.0415
1966   0.0274   0.1090   0.0788   0.1259   0.0637   0.0022  -0.0190  -0.0079   0.0341   0.0718   0.1013   0.1655
1967   0.1874   0.1890   0.0568   0.0699  -0.1213  -0.2108  -0.1910  -0.1259  -0.0599  -0.0382  -0.1337  -0.0655
1968  -0.1386  -0.0940  -0.1152  -0.0681  -0.0553  -0.2098  -0.1870  -0.1729  -0.1109  -0.0492  -0.0047  -0.0365
1969   0.0484   0.2110   0.3028   0.2389   0.0807   0.0832   0.1380  -0.0569  -0.0649  -0.1192  -0.0187   0.0615
1970   0.1034   0.0610   0.1178   0.1129   0.0267  -0.1248  -0.1530  -0.0939  -0.0929  -0.1272  -0.1317  -0.1135
1971  -0.1286  -0.1800  -0.2082  -0.3171  -0.2503  -0.3018  -0.2990  -0.3859  -0.3189  -0.1632  -0.1317  -0.2095
1972  -0.1976  -0.2650  -0.3342  -0.2281  -0.3893  -0.4248  -0.3220  -0.3309  -0.2519  -0.2112  -0.1627  -0.2495
1973  -0.2506  -0.2750  -0.2362  -0.1631  -0.0863  -0.1088  -0.0470  -0.0779  -0.0769  -0.1372  -0.0917  -0.1335
1974  -0.1496  -0.1620  -0.2902  -0.4191  -0.4143  -0.3778  -0.4550  -0.4089  -0.4489  -0.4262  -0.3047  -0.2535
1975  -0.1436  -0.2140  -0.1962  -0.2381  -0.3003  -0.2228  -0.2090  -0.1239  -0.2759  -0.2692  -0.2177  -0.2115
1976  -0.2526  -0.3140  -0.3772  -0.3161  -0.3973  -0.4078  -0.2420  -0.1209  -0.1309  -0.2062  -0.2897  -0.3185
1977  -0.2546  -0.2030  -0.0632  -0.1041  -0.0753  -0.0288  -0.0370  -0.0779  -0.1659  -0.1342  -0.0137  -0.0885
1978   0.0314  -0.0140  -0.0352  -0.0781  -0.1063  -0.2508  -0.2050  -0.1559  -0.1209  -0.1142   0.0133  -0.0625
1979  -0.0516  -0.0150  -0.1022  -0.1171  -0.0173   0.0432  -0.0200  -0.0409  -0.0379   0.0088   0.0513   0.0635
1980   0.1424   0.0620  -0.0092   0.1229   0.2327   0.1972   0.1280   0.1001   0.0671   0.0388  -0.0577  -0.1225
1981  -0.0296  -0.0330   0.1378   0.0359   0.0277   0.0342  -0.0090  -0.0299   0.0471  -0.0792   0.0103   0.1275
1982   0.0744   0.0720   0.0598  -0.0491  -0.0773  -0.0858  -0.1400  -0.2209  -0.2219  -0.2612  -0.2677  -0.2435
1983  -0.1406   0.0500   0.2238   0.1959   0.0687   0.0472   0.0760  -0.0679  -0.1269  -0.0822  -0.0057   0.1365
1984   0.0544   0.0680   0.0208  -0.0181  -0.0453  -0.2198  -0.1710  -0.1319  -0.1169  -0.2282  -0.2687  -0.1755
1985  -0.1916  -0.1700  -0.2082  -0.2591  -0.2143  -0.0208  -0.0560  -0.1859  -0.1529  -0.1262  -0.1377  -0.1915
1986  -0.1776  -0.1140  -0.1422  -0.1801  -0.1033  -0.1518  -0.1490  -0.1739  -0.1229  -0.1972  -0.2367  -0.2235
1987  -0.1096  -0.0530   0.1208   0.1769   0.1957   0.3152   0.3820   0.3811   0.2931   0.1708   0.0933   0.1935
1988   0.1294   0.0500   0.1448   0.1999   0.2667   0.2782   0.2120   0.0931   0.0041  -0.0472   0.0153  -0.0145
1989  -0.0506   0.0100  -0.0972  -0.1401  -0.0163   0.2052   0.2810   0.2161   0.0071   0.0028   0.0153  -0.0005
1990  -0.1256   0.0070  -0.0202   0.0349   0.0737   0.0612   0.0850   0.1581   0.2511   0.2418   0.1143   0.1185
1991  -0.0196   0.0540   0.0918   0.0219  -0.0183  -0.0098   0.0020  -0.0009   0.0691  -0.1322  -0.0917  -0.0575
1992  -0.0126   0.0790   0.0698  -0.0281  -0.0853  -0.0298  -0.1080  -0.2709  -0.2619  -0.1672  -0.1627  -0.1255
1993  -0.0606  -0.0110  -0.0792  -0.0151  -0.0243  -0.0578  -0.1640  -0.1169  -0.0539  -0.1082  -0.1447  -0.1325
1994  -0.1146  -0.1310  -0.1122  -0.0391  -0.0653  -0.0958  -0.1160  -0.1209  -0.0399   0.0778   0.1573   0.0725
1995   0.1214   0.1400   0.1858   0.2389   0.4147   0.4922   0.4320   0.3001   0.1691   0.2408   0.3053   0.2075
1996   0.1764   0.1500   0.1138   0.1749   0.0807   0.0072   0.0160   0.1111   0.1161  -0.0022   0.0073   0.0135
1997   0.0984   0.1490   0.1798   0.1759   0.1887   0.1412   0.1830   0.1371   0.2291   0.2948   0.2353   0.3025
1998   0.3224   0.4790   0.4988   0.4619   0.5357   0.6252   0.6130   0.6371   0.5351   0.5298   0.5043   0.4535
1999   0.2454   0.2480   0.2488   0.2259   0.3167   0.3192   0.3270   0.4341   0.3101   0.1678   0.1413   0.1915
2000   0.1144   0.1550   0.2858   0.2189   0.2627   0.1232   0.2040   0.2331   0.2301   0.1128   0.1393   0.0525
2001   0.0734   0.1690   0.1998   0.1669   0.1507   0.3422   0.2690   0.3111   0.4171   0.4068   0.3513   0.3955
2002   0.3844   0.3640   0.3328   0.2089   0.1147   0.0302   0.0710   0.2421   0.2141   0.2698   0.2173   0.1895
2003   0.2564   0.1890   0.3038   0.2639   0.3167   0.3552   0.4160   0.5541   0.5891   0.5878   0.4243   0.4125
2004   0.4194   0.4140   0.3518   0.2959   0.1737   0.3302   0.3700   0.4581   0.3801   0.4068   0.4243   0.3775
2005   0.3224   0.3330   0.4808   0.4829   0.4647   0.4822   0.5920   0.5841   0.5611   0.4048   0.3463   0.4095
2006   0.3384   0.2850   0.2598   0.3909   0.4827   0.4912   0.5230   0.5481   0.5091   0.5038   0.4983   0.3675
2007   0.3884   0.4300   0.3298   0.3549   0.2887   0.2492   0.2800   0.2051   0.2461   0.3308   0.3883   0.3105
2008   0.2504   0.3440   0.3638   0.2419   0.3517   0.4202   0.3600   0.3281   0.3501   0.2778   0.2163   0.2205
2009   0.1644   0.0550   0.0478   0.0709   0.1217   0.2882   0.3850   0.3081   0.2111   0.3428   0.2873   0.2875
2010   0.2654   0.3990   0.4978   0.6299   0.6447   0.6172   0.6100   0.6841   0.6061   0.5048   0.4563   0.4155
2011   0.3724   0.3320   0.2688   0.2989   0.3397   0.3502   0.2540   0.3081   0.3041   0.2468   0.1523   0.1655
2012   0.1664   0.2310   0.2418   0.2899   0.3547   0.4752   0.5400   0.5951   0.6101   0.5158   0.3913   0.3545
2013   0.3624   0.3450   0.3768   0.3489   0.2947   0.2242   0.3580   0.3611   0.4201   0.5368   0.3573   0.2525
2014   0.1744   0.1900   0.1408   0.1219   0.1947   0.2432   0.3920   0.5041   0.4781   0.4838   0.2963   0.2775
2015   0.2314   0.2310   0.0958   0.1469   0.2437   0.2122   0.3050   0.3501   0.4701   0.5198   0.4203   0.4505
2016   0.4734   0.3930   0.4158   0.3979   0.5457   0.5952   0.6080   0.6311   0.6311   0.5778   0.6273   0.5585
2017   0.4704   0.4670   0.3978   0.5069   0.5187   0.4972   0.4810   0.4871   0.5261   0.6338   0.5913   0.5905
2018   0.4204   0.3060   0.3648   0.2899   0.2067   0.1802   0.1990   0.2931   0.3411   0.3468   0.1223   0.1695
2019   0.2354   0.3270   0.3568   0.3529   0.2977   0.3682   0.5370   0.5211   0.4271   0.3648   0.3553   0.3975
2020   0.3494   0.6050   0.6068   0.6019   0.4797   0.4692   0.5510   0.6341   0.5041   0.5208   0.3843   0.4205
2021   0.4054   0.4140   0.3768   0.3129   0.3107   0.3622   0.4230   0.4571   0.6121   0.7098   0.7193   0.5135
2022   0.4584   0.4110   0.2758   0.3719   0.4387   0.4252   0.3520   0.5731   0.8751   0.7208   0.5593   0.4825
2023   0.4774