DMI Normalized to period: 1870-2024 - inclusive
          Jan      Feb      Mar      Apr      May      Jun      Jul      Aug      Sep      Oct      Nov      Dec
1870  -0.2695  -0.1636   0.3333   0.1366  -0.2780  -0.3550  -0.3545  -0.2376  -0.3648  -0.2790  -0.1545  -0.1628
1871  -0.1045   0.0024  -0.0557   0.0366   0.0870   0.0300  -0.1485  -0.0906   0.0272  -0.1700   0.0295  -0.0158
1872   0.1315   0.2134   0.0803   0.1006   0.0540   0.1090   0.0105  -0.0406   0.0302   0.0870   0.1405   0.1012
1873   0.2305  -0.1466  -0.2477  -0.0874  -0.2090  -0.3940  -0.3935  -0.5156  -0.3308  -0.1220  -0.1065  -0.0908
1874  -0.2125  -0.2156  -0.4297  -0.5694  -0.2390  -0.2720  -0.0425  -0.0606  -0.4508  -0.8010  -0.3565  -0.5778
1875  -0.2815  -0.0136   0.0583   0.2136   0.0680   0.0990  -0.2155   0.0364  -0.0338  -0.3010  -0.6445  -0.2478
1876  -0.1925  -0.3316  -0.2457  -0.2914  -0.2690  -0.2310  -0.0955   0.0174   0.2842   0.1440  -0.1115  -0.0848
1877  -0.1425   0.5394   0.2863  -0.0954  -0.4820  -0.2970  -0.2925   0.4984   0.8832   0.7740   0.8045   0.3662
1878  -0.0925  -0.2256   0.1403   0.0996  -0.1530  -0.1180  -0.0875   0.0124   0.1552  -0.3170  -0.2145  -0.2578
1879  -0.2605  -0.2446  -0.2967  -0.3564  -0.3110  -0.0810  -0.0785  -0.3556  -0.2278  -0.4320  -0.5145  -0.3938
1880  -0.2945  -0.0896  -0.1707   0.1866   0.0620  -0.1060  -0.2325  -0.3016  -0.2108  -0.3980  -0.3065  -0.1358
1881  -0.0055  -0.3346  -0.1927  -0.2654   0.0620   0.3730   0.1795   0.2074   0.0642  -0.1050  -0.1295  -0.2838
1882  -0.3885  -0.5076   0.0073   0.0506   0.1340   0.1220   0.0625  -0.2126  -0.2888  -0.1530  -0.1305  -0.2188
1883  -0.5365  -0.0346  -0.1467   0.0586   0.0120   0.1090   0.0075   0.1604  -0.1388   0.0090  -0.1135  -0.1128
1884  -0.2395  -0.0106  -0.1557   0.2596   0.4510  -0.0100   0.2925  -0.0216  -0.1078  -0.0110  -0.2275  -0.2048
1885  -0.2945   0.0824  -0.0127  -0.0134   0.0030   0.0630   0.0775   0.0544   0.0122   0.1390  -0.2285  -0.1728
1886  -0.4455  -0.5936  -0.2987  -0.0974  -0.2430  -0.1540  -0.4295  -0.6336  -0.6248  -0.5400  -0.4375  -0.3478
1887  -0.2905  -0.2166  -0.1257  -0.0734  -0.0890   0.0220   0.0635   0.2754   0.0782  -0.1600  -0.0425  -0.0828
1888  -0.1715  -0.4306  -0.5767  -0.6774  -0.3020  -0.2310  -0.1535  -0.0856  -0.1628  -0.0790  -0.3065  -0.2398
1889  -0.4945  -0.0736  -0.4967  -0.6334  -0.4620  -0.3690  -0.2205  -0.3796  -0.5488  -0.7820  -0.6235  -0.1978
1890   0.0635   0.1064  -0.0417  -0.0174  -0.1340  -0.5760  -0.6215  -0.4216  -0.7278  -0.8100  -0.6595  -0.3708
1891  -0.1505  -0.4006  -0.4557  -0.1014  -0.1230   0.0930  -0.0065   0.2784   0.2952   0.2400   0.1165   0.2802
1892  -0.0645  -0.1506  -0.0517  -0.1334  -0.0840  -0.2930  -0.3635  -0.7566  -0.8178  -0.4580  -0.2075  -0.2838
1893  -0.2775  -0.2966  -0.2567  -0.3984  -0.3210  -0.3340  -0.2535  -0.4726  -0.3288  -0.4390  -0.2715  -0.1518
1894   0.0915  -0.0886  -0.1067  -0.1314  -0.0110   0.0980   0.1165   0.4094   0.0342   0.0310  -0.0295  -0.0388
1895  -0.0145   0.1154   0.0483   0.0076   0.0450   0.0880  -0.1155   0.2134   0.0572   0.2020  -0.2345  -0.1598
1896  -0.2175  -0.4146  -0.4057  -0.1084  -0.0150   0.0370   0.1955   0.1524   0.3512   0.6590   0.2865   0.3092
1897  -0.0155  -0.1416  -0.1277   0.0076   0.0180  -0.0590   0.0505   0.0634  -0.1968  -0.7680  -0.6575  -0.5318
1898  -0.3805  -0.2726  -0.1747  -0.1934  -0.2920  -0.2390  -0.5275  -0.5346  -0.5258  -0.5590  -0.4145  -0.2608
1899  -0.2505  -0.1206  -0.0197   0.0556   0.1110  -0.1820  -0.2775  -0.1676  -0.5708  -0.0710  -0.1915  -0.5308
1900  -0.3005  -0.1206  -0.3077  -0.1344   0.0430   0.1510  -0.0235  -0.2056  -0.1748  -0.0720   0.0505  -0.4208
1901  -0.3715  -0.6956  -0.5637  -0.3294  -0.3510  -0.4250  -0.4175  -0.5406  -0.6658  -0.4170  -0.4945  -0.4688
1902  -0.3045  -0.2806  -0.0947   0.2356   0.1600   0.1030   0.2255   0.6174   0.5722   0.1190   0.1995  -0.0538
1903  -0.3105  -0.3986  -0.2077  -0.4434  -0.0650  -0.1420  -0.3185  -0.1676  -0.3268  -0.6790  -0.3815  -0.2288
1904  -0.0505  -0.0616  -0.0627   0.1556  -0.0560  -0.0930   0.0085  -0.1286  -0.3148   0.1200  -0.1065  -0.4318
1905  -0.4325  -0.1996  -0.3157  -0.2834  -0.0030  -0.2540   0.0205   0.0644   0.3872  -0.1050  -0.1895  -0.3478
1906  -0.4365  -0.3126  -0.3537  -0.6034  -0.2230  -0.1970  -0.6905  -0.8006  -1.2708  -0.6550  -0.5475  -0.1368
1907  -0.2015  -0.0126   0.1053  -0.1824  -0.1060  -0.1520  -0.3065  -0.6486  -0.1628  -0.0460  -0.1415  -0.0088
1908  -0.2235  -0.1776  -0.0947  -0.6044  -0.0270   0.2340  -0.3025  -0.1756   0.0452  -0.1110  -0.2615  -0.3698
1909  -0.5635  -0.3286  -0.4027  -0.2594  -0.6000  -0.7240  -0.7365  -0.7016  -0.5558  -0.3720  -0.1775  -0.0438
1910  -0.3825   0.0034  -0.3327  -0.2094  -0.3290  -0.2670  -0.7405  -0.5366  -0.6588  -0.6960  -0.4355  -0.0838
1911  -0.0255  -0.3136  -0.5787  -0.5594  -0.2340  -0.6210  -0.4785  -0.3016  -0.1808  -0.3120   0.0175   0.0592
1912  -0.0835  -0.1296   0.1043  -0.0724   0.1410   0.1900  -0.3765  -0.4826  -0.3618  -0.2520  -0.4875  -0.2898
1913  -0.0685   0.0364   0.0213  -0.0814   0.0150   0.2940  -0.0425  -0.1976  -0.1048   0.2220   0.0065  -0.0358
1914  -0.1195   0.0004  -0.1967  -0.0534   0.0960   0.7470   0.3975   0.2604   0.2972   0.3000  -0.3115  -0.4998
1915  -0.4615  -0.5156  -0.2467  -0.0954  -0.2930  -0.0090  -0.4085  -0.1556  -0.0138   0.0410   0.0195   0.1862
1916   0.0385   0.1424   0.2143   0.3226   0.0460  -0.2050  -0.3905  -0.5676  -0.9048  -0.6130  -0.4595  -0.0678
1917   0.1385   0.1264   0.0643  -0.0514  -0.2060  -0.1480  -0.2955  -0.1506  -0.5088  -0.7070  -0.6505  -0.4578
1918   0.1815   0.3074   0.2633  -0.1094  -0.2190  -0.0100   0.1665   0.2064   0.3632   0.5090   0.4415   0.2692
1919   0.1415   0.0554  -0.1137  -0.2224  -0.1970  -0.1630   0.1195  -0.0346   0.1432   0.0080  -0.0155  -0.1938
1920   0.1855   0.2274   0.2953   0.2426   0.4720   0.1350  -0.2945  -0.3166  -0.2458  -0.0890  -0.3305  -0.1758
1921  -0.1275   0.0074   0.0753  -0.0044   0.1610  -0.0210  -0.1455  -0.6476  -0.1848  -0.1170  -0.2375  -0.1698
1922  -0.2135  -0.0236   0.2353  -0.2054  -0.1740   0.1250  -0.2525  -0.1306  -0.1478  -0.1720  -0.3005  -0.0918
1923  -0.0355  -0.2406  -0.1257  -0.0544  -0.1090   0.0910  -0.1075   0.2834   0.6042   0.6330   0.6945   0.0102
1924  -0.2655  -0.4246  -0.2717  -0.0824  -0.2130  -0.2540  -0.0995  -0.1336  -0.2888   0.1480  -0.1625  -0.1528
1925  -0.1485   0.1444   0.1483   0.6666   0.1590   0.2740   0.1285   0.2444   0.7522   0.4600   0.3645   0.0602
1926   0.1645  -0.1866   0.1153  -0.0624   0.1170   0.3400   0.0645   0.2784  -0.0418   0.2420  -0.2435  -0.2098
1927  -0.0325   0.2144  -0.0457  -0.2134  -0.0540   0.0250  -0.2795  -0.3266  -0.3008  -0.2450  -0.0405  -0.1658
1928  -0.2085  -0.1876  -0.1207  -0.1284  -0.0660  -0.2720  -0.3445  -0.6066  -0.5068  -0.3760   0.0405  -0.1598
1929  -0.1155  -0.1896  -0.0817  -0.0374  -0.1590  -0.0530  -0.0925  -0.2026   0.0582   0.0010  -0.0345   0.1882
1930  -0.2545  -0.3406  -0.1637  -0.0604  -0.2430   0.0550  -0.1095  -0.0456  -0.4388  -0.0600   0.3585   0.0982
1931   0.1115  -0.1616  -0.3917  -0.3404  -0.0560  -0.0870  -0.1175  -0.2176  -0.6468  -0.2400   0.0625  -0.5998
1932  -0.2575  -0.4076  -0.2817   0.0596  -0.1760  -0.2030   0.0505  -0.2046  -0.0398  -0.3720  -0.0675   0.1792
1933  -0.0205   0.0804   0.1953   0.3626  -0.1420  -0.1140  -0.1735  -0.3466  -1.2038  -0.6280  -0.3575  -0.2598
1934  -0.4425  -0.0786  -0.0097   0.0506   0.0020   0.1770  -0.0295   0.2724  -0.1338   0.0350   0.0915   0.0532
1935   0.1755   0.1174   0.2753  -0.0314   0.2650   0.2840   0.3475   0.2604   0.1162   0.0530   0.3655   0.2342
1936   0.2545  -0.2166  -0.0547   0.1156   0.0100   0.2570   0.2225  -0.1536  -0.0828  -0.3340   0.1835  -0.1058
1937   0.0555  -0.0586  -0.0997  -0.2174   0.2440  -0.1040  -0.2505   0.0324   0.2722   0.0530   0.1315   0.0742
1938   0.0845  -0.0446   0.1653  -0.1604   0.2180  -0.2150  -0.3255   0.1344  -0.0948  -0.2540  -0.4655  -0.3288
1939   0.0435   0.3814   0.1773  -0.0814  -0.1350   0.0150  -0.1095  -0.1756   0.0782   0.1670  -0.0725   0.1062
1940   0.2485  -0.0516  -0.3207  -0.3074  -0.2570   0.1650  -0.0685   0.0314  -0.0268  -0.1150  -0.0945  -0.1028
1941  -0.1935  -0.4466  -0.1047  -0.0924  -0.0670  -0.1830  -0.1335  -0.1346   0.0302   0.1680   0.5205   0.0302
1942  -0.0255  -0.1256  -0.0937  -0.2254  -0.3970  -0.7510  -0.4015  -0.8156  -0.5828  -0.2310  -0.3515  -0.3468
1943  -0.3215  -0.0756  -0.1487  -0.0404   0.0140   0.3440   0.3905   0.3194  -0.2848  -0.1790  -0.1415  -0.1738
1944   0.0145   0.4194  -0.0207  -0.0564   0.4850   0.0790   0.3485   0.3354   0.3642  -0.2430  -0.0025   0.3912
1945   0.0285   0.2624   0.3613  -0.1454  -0.3700  -0.3700  -0.2285  -0.3716  -0.2308  -0.1560  -0.0775  -0.1158
1946   0.2365   0.1584  -0.0697  -0.3724   0.4990  -0.1370   0.1365   0.4494   0.2912   0.1790   0.2205  -0.0378
1947  -0.1195   0.2014   0.1563  -0.0014   0.3060   0.1270  -0.3375  -0.3746  -0.6068  -0.4670  -0.0725  -0.0528
1948  -0.1295   0.0174   0.1803   0.0816   0.1170   0.2520   0.0275  -0.1776  -0.2848   0.0650  -0.1325  -0.2938
1949   0.1955   0.3494   0.0353   0.3496   0.1110   0.1840   0.2865   0.2954   0.2732   0.2330  -0.1495  -0.1188
1950   0.1245  -0.3816  -0.5357  -0.2904  -0.1070  -0.3010  -0.0525   0.0644  -0.2678  -0.2330   0.0195   0.1852
1951   0.4245   0.3834   0.4153  -0.3284   0.0640   0.0030   0.0755   0.4084   0.3582   0.1890   0.3695   0.1392
1952   0.0995   0.2524   0.2823   0.2576   0.0540   0.2130  -0.1345  -0.1786  -0.2438  -0.1890   0.0755   0.1822
1953   0.4725   0.4574   0.3443   0.1306   0.5180   0.0800   0.1175   0.0534   0.1232   0.0450   0.1105   0.0932
1954  -0.1705  -0.0986  -0.0057   0.1756  -0.3480  -0.3110  -0.5595  -0.3466  -0.3548  -0.4790  -0.2035   0.1592
1955   0.1195   0.0194   0.1753   0.1406  -0.4930  -0.1940  -0.1435  -0.1456  -0.3748  -0.3730  -0.0225  -0.0878
1956   0.0675   0.1514   0.1553  -0.1154  -0.3680  -0.6330  -0.7875  -0.4876  -0.4398  -0.3150  -0.2695   0.0612
1957  -0.2685  -0.3916  -0.0407  -0.1154  -0.1240  -0.2720  -0.1925   0.0184  -0.0198  -0.1660  -0.2355  -0.0378
1958  -0.2275  -0.0616  -0.2177  -0.1634  -0.2940  -0.6610  -0.7675  -0.9756  -0.9398  -0.6090  -0.4275  -0.4268
1959   0.1415  -0.3586  -0.3677  -0.1724  -0.5400  -0.5520  -0.3715  -0.6286  -0.4758  -0.2290  -0.3275  -0.1448
1960  -0.0675   0.1294  -0.2767  -0.5604  -0.5360  -0.4880  -0.4385  -0.2996  -0.2188  -0.5490  -0.5645  -0.4288
1961   0.0245   0.0924   0.0343  -0.4274  -0.2360   0.1870   0.9255   1.0604   0.9172   0.8140   0.5695   0.5232
1962   0.6805   0.7164   0.5123   0.1656  -0.1830  -0.2650  -0.1725  -0.0186   0.1772   0.0300   0.0335   0.1412
1963   0.4975   0.5674   0.3573   0.1236  -0.1220  -0.0550   0.5075   0.7574   0.4442   0.7890   0.5655   0.1532
1964  -0.2925  -0.5196  -0.1557  -0.0394  -0.3180  -0.1510  -0.5335  -0.3986  -0.6178  -0.6700  -0.0375   0.0302
1965  -0.1625  -0.2746  -0.0297  -0.1004  -0.3380  -0.2940  -0.1775   0.0374   0.1662   0.3740   0.0215  -0.0778
1966  -0.0635   0.0094  -0.1847  -0.2504  -0.2210   0.0740   0.2915   0.4134   0.4652   0.0530  -0.1145  -0.0238
1967  -0.0675   0.0994   0.4043  -0.0784   0.0370   0.2370   0.4355   0.4144   0.5082   0.5160   0.2695   0.2662
1968   0.3815   0.5064   0.3103   0.2576   0.0790   0.2840  -0.2255  -0.1706  -0.3708  -0.1740  -0.2075  -0.0008
1969   0.0065   0.0084   0.2163   0.1336   0.0360  -0.4330  -0.1115  -0.0656   0.1152   0.1570   0.2425   0.1272
1970   0.4655   0.4984   0.2243   0.4036   0.3840  -0.1920  -0.2745  -0.0666  -0.2368  -0.2810  -0.0605  -0.0228
1971   0.3665   0.1854   0.3643   0.4246   0.1280  -0.0430  -0.0585  -0.2626  -0.3828  -0.2720   0.2635   0.4272
1972   0.3115  -0.0436   0.1873   0.3156   0.3590   0.9320   1.0035   0.7954   0.7262   0.6840   0.9175   0.6892
1973   0.2115   0.0954   0.1553   0.0676   0.2870  -0.0320  -0.1995  -0.3226  -0.4098  -0.0920   0.0895   0.2592
1974   0.4475   0.3284   0.4053   0.1316  -0.0370   0.1660   0.0465  -0.2126  -0.2978  -0.4880  -0.3045  -0.1478
1975  -0.1985  -0.0766  -0.3077   0.2716   0.2680   0.2480   0.2565  -0.0596  -0.4938  -0.6990  -0.0815   0.0422
1976   0.1735   0.2494   0.1763   0.3066   0.1980   0.5620   0.8895   0.3914   0.1552   0.1260   0.0655   0.2402
1977   0.1655  -0.0886   0.3303   0.1556  -0.1390   0.0980   0.1245   0.0244   0.1042   0.6020   0.1195   0.1922
1978  -0.4715  -0.3576  -0.4257  -0.0294  -0.3310   0.0190   0.1885   0.0604   0.1022  -0.1450  -0.2115  -0.0478
1979   0.4855   0.0144   0.1223  -0.0224  -0.2420   0.3010  -0.0195   0.0584   0.0832   0.0430  -0.0045   0.1112
1980   0.0105  -0.0276  -0.2607   0.0896   0.1360  -0.1890  -0.3655  -0.5376  -0.3818  -0.3000  -0.1705  -0.2708
1981  -0.0325   0.1484   0.1833   0.2766   0.1840  -0.0470  -0.2645  -0.3436  -0.3938  -0.2490  -0.0815   0.1932
1982   0.3125   0.3384   0.2103   0.3036   0.4250   0.4480   0.5605   0.5404   0.8052   0.9800   0.5305   0.0502
1983  -0.3135  -0.4146  -0.5957  -0.3714   0.1430   0.5640   0.8205   0.6294   0.2942   0.0690  -0.0965   0.1112
1984  -0.0545   0.0234   0.0343   0.2346  -0.1030  -0.1640  -0.0705  -0.2136  -0.2448  -0.2970  -0.1715  -0.0658
1985  -0.2975  -0.4546  -0.3847  -0.0154  -0.0210  -0.4360  -0.1075  -0.1746   0.1252  -0.1410   0.3205  -0.2048
1986   0.0555   0.0374  -0.0437  -0.1014   0.0480  -0.0850  -0.2505  -0.1166   0.2212   0.3090   0.0025  -0.0618
1987   0.0875   0.2134   0.0193   0.0276   0.3670   0.3020   0.5025   0.5814   0.7562   0.6120   0.1955   0.3642
1988   0.5215   0.0184  -0.1567   0.0566  -0.3110  -0.0790   0.1455  -0.0046  -0.0308  -0.1680   0.0635   0.3682
1989  -0.1125   0.1274  -0.1627  -0.2954  -0.3920  -0.5870  -0.1515  -0.0366   0.1382  -0.0550  -0.0915   0.0452
1990   0.0695  -0.1166   0.0133  -0.2004  -0.1460  -0.3750   0.0495  -0.1076   0.1802   0.0120   0.1525   0.2152
1991   0.2335   0.0754   0.1193   0.4736   0.5810   0.4560   0.5655   0.3424   0.4622   0.3270   0.2865   0.2962
1992  -0.1525  -0.2166  -0.5147  -0.3684  -0.3470  -0.6680  -0.1835  -0.4836  -0.4698  -0.2700  -0.1525  -0.1048
1993  -0.0275   0.2074  -0.1387   0.0036   0.1750   0.0850   0.1435  -0.0206   0.1932   0.2010   0.0975   0.0062
1994   0.1935   0.0264   0.3583   0.5356   0.7460   0.6260   0.8525   1.0954   0.8922   1.0640   0.5335   0.4752
1995   0.3085   0.3364   0.1063  -0.0364  -0.0490   0.1150   0.1265   0.1404   0.1832  -0.0100  -0.0475   0.3022
1996   0.1475   0.1394   0.0713  -0.1844  -0.0640  -0.2010  -0.3475  -0.3966  -0.3488  -0.7510  -0.5505  -0.2008
1997   0.0585   0.2514   0.1993   0.2386   0.2270   0.2750   0.7425   0.9184   1.1342   1.2300   1.5255   1.0752
1998   0.6935   0.5944   0.1013   0.2316   0.3420   0.3400  -0.0895  -0.2956  -0.1328  -0.3860  -0.4065  -0.1238
1999   0.0385   0.1344   0.2583   0.1826   0.0160   0.0480   0.4075   0.3074   0.3132   0.1670   0.1305   0.0642
2000   0.0435   0.1634   0.2963   0.3256   0.3150   0.1710   0.3725   0.4154   0.2672   0.2150  -0.0595  -0.0358
2001  -0.2625   0.1554   0.1463   0.3206   0.3390   0.3200   0.1555  -0.0166   0.1402  -0.0940   0.0015   0.1612
2002   0.0265   0.0744   0.1643  -0.1674  -0.1270   0.0030   0.0355   0.0764   0.6492   0.7620   0.3425   0.0542
2003  -0.0705   0.1894   0.1173   0.0856   0.0380   0.3320   0.4265   0.3924   0.3022   0.1140   0.0875   0.4012
2004   0.2125   0.2864   0.2333   0.1046  -0.3630  -0.1910  -0.0055   0.1524   0.2572   0.3530   0.0935   0.0802
2005   0.0445  -0.3876  -0.2757   0.2686   0.1690   0.0170  -0.0885  -0.0606  -0.1708  -0.0790  -0.0255  -0.0878
2006   0.0335  -0.1326  -0.0697   0.1696  -0.0050   0.1340   0.3355   0.5134   0.7912   0.9340   0.7475   0.3842
2007   0.3925   0.3224   0.2723   0.2846   0.4720   0.2230   0.3405   0.5204   0.5982   0.4250   0.2235  -0.0148
2008   0.2835   0.1004   0.2533   0.0316   0.3800   0.4080   0.5415   0.4084   0.4492   0.3860   0.1185   0.1592
2009   0.1995   0.3354   0.2563   0.3106   0.4580   0.2930   0.1035   0.1804   0.2602   0.3440   0.1795   0.3722
2010   0.4625   0.1954   0.6143   0.5546   0.1720   0.0530   0.2945   0.2224   0.0952  -0.0800  -0.2485   0.0002
2011   0.3605   0.4144   0.5233   0.3386   0.1130   0.2480   0.5185   0.6284   0.5652   0.7130   0.5825   0.0842
2012   0.2145   0.0944   0.1823  -0.0864  -0.1680   0.1940   0.8415   0.9364   0.8162   0.4670   0.1465   0.4802
2013   0.1035   0.3614   0.2393  -0.1124  -0.3040  -0.3040   0.1155   0.0904   0.0532   0.1890   0.4455   0.3532
2014   0.0675   0.0834   0.0053   0.1266   0.1100   0.1650  -0.0675  -0.0876   0.2182   0.4980   0.2565   0.2582
2015   0.0685  -0.1726  -0.0847   0.1766   0.4420   0.4890   0.5205   0.8514   0.6572   0.8400   0.5935   0.4842
2016   0.4345   0.0624   0.1473   0.3306   0.0890  -0.2500  -0.4625  -0.1596  -0.0738  -0.0150  -0.1355  -0.0978
2017   0.0825   0.2734   0.5133   0.6836   0.7380   0.6170   0.8155   0.6334   0.3972   0.3730   0.5355   0.3212
2018  -0.0315   0.3874   0.0363   0.1016   0.3240   0.3480   0.3485   0.4064   0.9672   1.0420   0.7465   0.5212
2019   0.5555   0.5884   0.3803   0.4426   0.7410   0.7980   0.8925   0.7204   1.2562   1.3210   1.0815   0.4552
2020   0.3415   0.2264   0.1753   0.1736   0.5000   0.6470   0.6155   0.1014   0.1732   0.4310   0.2665   0.2422
2021   0.2195   0.4154   0.4223   0.4346   0.2110   0.1910   0.0675   0.1854   0.3052   0.2660   0.3155   0.0922
2022   0.1125   0.0894   0.0633   0.1166   0.0800  -0.1420   0.1005   0.0384   0.0412  -0.3340  -0.0225   0.1202
2023   0.2775   0.3294   0.5713   0.7446   0.6450   0.8580   0.7935   1.1094   1.3092   1.1610   1.1665   1.0632
2024   0.9335